0.01
0.0000
0.0063
0.0124
0.0184
0.0241
0.0294
0.0342
0.0385
0.0422
0.0452
0.0476
0.0491
0.0499
0.0499
0.0491
0.0476
0.0452
0.0422
0.0385
0.0342
0.0294
0.0241
0.0184
0.0124
0.0063
0.0000
-0.0063
-0.0124
-0.0184
-0.0241
-0.0294
-0.0342
-0.0385
-0.0422
-0.0452
-0.0476
-0.0491
-0.0499
-0.0499
-0.0491
-0.0476
-0.0452
-0.0422
-0.0385
-0.0342
-0.0294
-0.0241
-0.0184
-0.0124
-0.0063
-0.0000
0.0063
0.0124
0.0184
0.0241
0.0294
0.0342
0.0385
0.0422
0.0452
0.0476
0.0491
0.0499
0.0499
0.0491
0.0476
0.0452
0.0422
0.0385
0.0342
0.0294
0.0241
0.0184
0.0124
0.0063
0.0000
-0.0063
-0.0124
-0.0184
-0.0241
-0.0294
-0.0342
-0.0385
-0.0422
-0.0452
-0.0476
-0.0491
-0.0499
-0.0499
-0.0491
-0.0476
-0.0452
-0.0422
-0.0385
-0.0342
-0.0294
-0.0241
-0.0184
-0.0124
-0.0063
-0.0000
0.0063
0.0124
0.0184
0.0241
0.0294
0.0342
0.0385
0.0422
0.0452
0.0476
0.0491
0.0499
0.0499
0.0491
0.0476
0.0452
0.0422
0.0385
0.0342
0.0294
0.0241
0.0184
0.0124
0.0063
0.0000
-0.0063
-0.0124
-0.0184
-0.0241
-0.0294
-0.0342
-0.0385
-0.0422
-0.0452
-0.0476
-0.0491
-0.0499
-0.0499
-0.0491
-0.0476
-0.0452
-0.0422
-0.0385
-0.0342
-0.0294
-0.0241
-0.0184
-0.0124
-0.0063
-0.0000
0.0063
0.0124
0.0184
0.0241
0.0294
0.0342
0.0385
0.0422
0.0452
0.0476
0.0491
0.0499
0.0499
0.0491
0.0476
0.0452
0.0422
0.0385
0.0342
0.0294
0.0241
0.0184
0.0124
0.0063
0.0000
-0.0063
-0.0124
-0.0184
-0.0241
-0.0294
-0.0342
-0.0385
-0.0422
-0.0452
-0.0476
-0.0491
-0.0499
-0.0499
-0.0491
-0.0476
-0.0452
-0.0422
-0.0385
-0.0342
-0.0294
-0.0241
-0.0184
-0.0124
-0.0063
-0.0000
0.0063
0.0124
0.0184
0.0241
0.0294
0.0342
0.0385
0.0422
0.0452
0.0476
0.0491
0.0499
0.0499
0.0491
0.0476
0.0452
0.0422
0.0385
0.0342
0.0294
0.0241
0.0184
0.0124
0.0063
0.0000
-0.0063
-0.0124
-0.0184
-0.0241
-0.0294
-0.0342
-0.0385
-0.0422
-0.0452
-0.0476
-0.0491
-0.0499
-0.0499
-0.0491
-0.0476
-0.0452
-0.0422
-0.0385
-0.0342
-0.0294
-0.0241
-0.0184
-0.0124
-0.0063
-0.0000
0.0063
0.0124
0.0184
0.0241
0.0294
0.0342
0.0385
0.0422
0.0452
0.0476
0.0491
0.0499
0.0499
0.0491
0.0476
0.0452
0.0422
0.0385
0.0342
0.0294
0.0241
0.0184
0.0124
0.0063
0.0000
-0.0063
-0.0124
-0.0184
-0.0241
-0.0294
-0.0342
-0.0385
-0.0422
-0.0452
-0.0476
-0.0491
-0.0499
-0.0499
-0.0491
-0.0476
-0.0452
-0.0422
-0.0385
-0.0342
-0.0294
-0.0241
-0.0184
-0.0124
-0.0063
-0.0000
0.0063
0.0124
0.0184
0.0241
0.0294
0.0342
0.0385
0.0422
0.0452
0.0476
0.0491
0.0499
0.0499
0.0491
0.0476
0.0452
0.0422
0.0385
0.0342
0.0294
0.0241
0.0184
0.0124
0.0063
-0.0000
-0.0063
-0.0124
-0.0184
-0.0241
-0.0294
-0.0342
-0.0385
-0.0422
-0.0452
-0.0476
-0.0491
-0.0499
-0.0499
-0.0491
-0.0476
-0.0452
-0.0422
-0.0385
-0.0342
-0.0294
-0.0241
-0.0184
-0.0124
-0.0063
-0.0000
0.0063
0.0124
0.0184
0.0241
0.0294
0.0342
0.0385
0.0422
0.0452
0.0476
0.0491
0.0499
0.0499
0.0491
0.0476
0.0452
0.0422
0.0385
0.0342
0.0294
0.0241
0.0184
0.0124
0.0063
0.0000
-0.0063
-0.0124
-0.0184
-0.0241
-0.0294
-0.0342
-0.0385
-0.0422
-0.0452
-0.0476
-0.0491
-0.0499
-0.0499
-0.0491
-0.0476
-0.0452
-0.0422
-0.0385
-0.0342
-0.0294
-0.0241
-0.0184
-0.0124
-0.0063
-0.0000
0.0063
0.0124
0.0184
0.0241
0.0294
0.0342
0.0385
0.0422
0.0452
0.0476
0.0491
0.0499
0.0499
0.0491
0.0476
0.0452
0.0422
0.0385
0.0342
0.0294
0.0241
0.0184
0.0124
0.0063
-0.0000
-0.0063
-0.0124
-0.0184
-0.0241
-0.0294
-0.0342
-0.0385
-0.0422
-0.0452
-0.0476
-0.0491
-0.0499
-0.0499
-0.0491
-0.0476
-0.0452
-0.0422
-0.0385
-0.0342
-0.0294
-0.0241
-0.0184
-0.0124
-0.0063
-0.0000
0.0063
0.0124
0.0184
0.0241
0.0294
0.0342
0.0385
0.0422
0.0452
0.0476
0.0491
0.0499
0.0499
0.0491
0.0476
0.0452
0.0422
0.0385
0.0342
0.0294
0.0241
0.0184
0.0124
0.0063
0.0000
-0.0063
-0.0124
-0.0184
-0.0241
-0.0294
-0.0342
-0.0385
-0.0422
-0.0452
-0.0476
-0.0491
-0.0499
-0.0499
-0.0491
-0.0476
-0.0452
-0.0422
-0.0385
-0.0342
-0.0294
-0.0241
-0.0184
-0.0124
-0.0063
-0.0000
0.0063
0.0124
0.0184
0.0241
0.0294
0.0342
0.0385
0.0422
0.0452
0.0476
0.0491
0.0499
0.0499
0.0491
0.0476
0.0452
0.0422
0.0385
0.0342
0.0294
0.0241
0.0184
0.0124
0.0063
-0.0000
-0.0063
-0.0124
-0.0184
-0.0241
-0.0294
-0.0342
-0.0385
-0.0422
-0.0452
-0.0476
-0.0491
-0.0499
-0.0499
-0.0491
-0.0476
-0.0452
-0.0422
-0.0385
-0.0342
-0.0294
-0.0241
-0.0184
-0.0124
-0.0063
-0.0000
0.0063
0.0124
0.0184
0.0241
0.0294
0.0342
0.0385
0.0422
0.0452
0.0476
0.0491
0.0499
0.0499
0.0491
0.0476
0.0452
0.0422
0.0385
0.0342
0.0294
0.0241
0.0184
0.0124
0.0063
0.0000
-0.0063
-0.0124
-0.0184
-0.0241
-0.0294
-0.0342
-0.0385
-0.0422
-0.0452
-0.0476
-0.0491
-0.0499
-0.0499
-0.0491
-0.0476
-0.0452
-0.0422
-0.0385
-0.0342
-0.0294
-0.0241
-0.0184
-0.0124
-0.0063
-0.0000
0.0063
0.0124
0.0184
0.0241
0.0294
0.0342
0.0385
0.0422
0.0452
0.0476
0.0491
0.0499
0.0499
0.0491
0.0476
0.0452
0.0422
0.0385
0.0342
0.0294
0.0241
0.0184
0.0124
0.0063
-0.0000
-0.0063
-0.0124
-0.0184
-0.0241
-0.0294
-0.0342
-0.0385
-0.0422
-0.0452
-0.0476
-0.0491
-0.0499
-0.0499
-0.0491
-0.0476
-0.0452
-0.0422
-0.0385
-0.0342
-0.0294
-0.0241
-0.0184
-0.0124
-0.0063
0.0000
0.0063
0.0124
0.0184
0.0241
0.0294
0.0342
0.0385
0.0422
0.0452
0.0476
0.0491
0.0499
0.0499
0.0491
0.0476
0.0452
0.0422
0.0385
0.0342
0.0294
0.0241
0.0184
0.0124
0.0063
0.0000
-0.0063
-0.0124
-0.0184
-0.0241
-0.0294
-0.0342
-0.0385
-0.0422
-0.0452
-0.0476
-0.0491
-0.0499
-0.0499
-0.0491
-0.0476
-0.0452
-0.0422
-0.0385
-0.0342
-0.0294
-0.0241
-0.0184
-0.0124
-0.0063
-0.0000
0.0063
0.0124
0.0184
0.0241
0.0294
0.0342
0.0385
0.0422
0.0452
0.0476
0.0491
0.0499
0.0499
0.0491
0.0476
0.0452
0.0422
0.0385
0.0342
0.0294
0.0241
0.0184
0.0124
0.0063
-0.0000
-0.0063
-0.0124
-0.0184
-0.0241
-0.0294
-0.0342
-0.0385
-0.0422
-0.0452
-0.0476
-0.0491
-0.0499
-0.0499
-0.0491
-0.0476
-0.0452
-0.0422
-0.0385
-0.0342
-0.0294
-0.0241
-0.0184
-0.0124
-0.0063
-0.0000
0.0063
0.0124
0.0184
0.0241
0.0294
0.0342
0.0385
0.0422
0.0452
0.0476
0.0491
0.0499
0.0499
0.0491
0.0476
0.0452
0.0422
0.0385
0.0342
0.0294
0.0241
0.0184
0.0124
0.0063
0.0000
-0.0063
-0.0124
-0.0184
-0.0241
-0.0294
-0.0342
-0.0385
-0.0422
-0.0452
-0.0476
-0.0491
-0.0499
-0.0499
-0.0491
-0.0476
-0.0452
-0.0422
-0.0385
-0.0342
-0.0294
-0.0241
-0.0184
-0.0124
-0.0063
-0.0000
0.0063
0.0124
0.0184
0.0241
0.0294
0.0342
0.0385
0.0422
0.0452
0.0476
0.0491
0.0499
0.0499
0.0491
0.0476
0.0452
0.0422
0.0385
0.0342
0.0294
0.0241
0.0184
0.0124
0.0063
0.0000
-0.0063
-0.0124
-0.0184
-0.0241
-0.0294
-0.0342
-0.0385
-0.0422
-0.0452
-0.0476
-0.0491
-0.0499
-0.0499
-0.0491
-0.0476
-0.0452
-0.0422
-0.0385
-0.0342
-0.0294
-0.0241
-0.0184
-0.0124
-0.0063
0.0000
0.0063
0.0124
0.0184
0.0241
0.0294
0.0342
0.0385
0.0422
0.0452
0.0476
0.0491
0.0499
0.0499
0.0491
0.0476
0.0452
0.0422
0.0385
0.0342
0.0294
0.0241
0.0184
0.0124
0.0063
0.0000
-0.0063
-0.0124
-0.0184
-0.0241
-0.0294
-0.0342
-0.0385
-0.0422
-0.0452
-0.0476
-0.0491
-0.0499
-0.0499
-0.0491
-0.0476
-0.0452
-0.0422
-0.0385
-0.0342
-0.0294
-0.0241
-0.0184
-0.0124
-0.0063
-0.0000
0.0063
0.0124
0.0184
0.0241
0.0294
0.0342
0.0385
0.0422
0.0452
0.0476
0.0491
0.0499
0.0499
0.0491
0.0476
0.0452
0.0422
0.0385
0.0342
0.0294
0.0241
0.0184
0.0124
0.0063
0.0000
-0.0063
-0.0124
-0.0184
-0.0241
-0.0294
-0.0342
-0.0385
-0.0422
-0.0452
-0.0476
-0.0491
-0.0499
-0.0499
-0.0491
-0.0476
-0.0452
-0.0422
-0.0385
-0.0342
-0.0294
-0.0241
-0.0184
-0.0124
-0.0063
-0.0000
0.0063
0.0124
0.0184
0.0241
0.0294
0.0342
0.0385
0.0422
0.0452
0.0476
0.0491
0.0499
0.0499
0.0491
0.0476
0.0452
0.0422
0.0385
0.0342
0.0294
0.0241
0.0184
0.0124
0.0063
0.0000
-0.0063
-0.0124
-0.0184
-0.0241
-0.0294
-0.0342
-0.0385
-0.0422
-0.0452
-0.0476
-0.0491
-0.0499
-0.0499
-0.0491
-0.0476
-0.0452
-0.0422
-0.0385
-0.0342
-0.0294
-0.0241
-0.0184
-0.0124
0.0000
