0.01
0.0000
0.0000
0.0001
0.0002
0.0004
0.0006
0.0008
0.0011
0.0014
0.0016
0.0019
0.0022
0.0024
0.0026
0.0028
0.0029
0.0029
0.0029
0.0028
0.0026
0.0024
0.0020
0.0016
0.0011
0.0006
0.0000
-0.0007
-0.0013
-0.0021
-0.0028
-0.0035
-0.0042
-0.0049
-0.0056
-0.0062
-0.0067
-0.0071
-0.0074
-0.0076
-0.0077
-0.0076
-0.0074
-0.0071
-0.0066
-0.0060
-0.0053
-0.0044
-0.0035
-0.0024
-0.0012
-0.0000
0.0013
0.0026
0.0039
0.0052
0.0065
0.0077
0.0088
0.0098
0.0107
0.0114
0.0120
0.0124
0.0126
0.0126
0.0124
0.0119
0.0113
0.0105
0.0094
0.0082
0.0068
0.0053
0.0036
0.0019
0.0000
-0.0019
-0.0038
-0.0057
-0.0076
-0.0094
-0.0111
-0.0126
-0.0140
-0.0152
-0.0162
-0.0169
-0.0174
-0.0176
-0.0175
-0.0171
-0.0165
-0.0155
-0.0143
-0.0129
-0.0112
-0.0092
-0.0071
-0.0049
-0.0025
-0.0000
0.0025
0.0051
0.0076
0.0100
0.0123
0.0145
0.0165
0.0182
0.0197
0.0209
0.0218
0.0224
0.0226
0.0224
0.0219
0.0210
0.0198
0.0182
0.0163
0.0141
0.0117
0.0090
0.0061
0.0031
0.0000
-0.0032
-0.0063
-0.0094
-0.0124
-0.0153
-0.0179
-0.0203
-0.0225
-0.0242
-0.0257
-0.0267
-0.0273
-0.0275
-0.0273
-0.0266
-0.0255
-0.0240
-0.0220
-0.0197
-0.0170
-0.0141
-0.0108
-0.0074
-0.0037
-0.0000
0.0038
0.0076
0.0113
0.0148
0.0182
0.0214
0.0242
0.0267
0.0288
0.0304
0.0316
0.0323
0.0325
0.0322
0.0314
0.0300
0.0282
0.0259
0.0231
0.0200
0.0165
0.0127
0.0086
0.0044
0.0000
-0.0044
-0.0088
-0.0131
-0.0172
-0.0212
-0.0248
-0.0280
-0.0309
-0.0333
-0.0352
-0.0365
-0.0373
-0.0375
-0.0371
-0.0361
-0.0346
-0.0324
-0.0297
-0.0266
-0.0229
-0.0189
-0.0145
-0.0098
-0.0050
-0.0000
0.0050
0.0100
0.0149
0.0197
0.0241
0.0282
0.0319
0.0351
0.0378
0.0399
0.0415
0.0423
0.0425
0.0420
0.0409
0.0391
0.0366
0.0336
0.0300
0.0259
0.0213
0.0163
0.0111
0.0056
0.0000
-0.0057
-0.0113
-0.0168
-0.0221
-0.0270
-0.0316
-0.0358
-0.0393
-0.0423
-0.0447
-0.0464
-0.0473
-0.0475
-0.0470
-0.0457
-0.0436
-0.0409
-0.0374
-0.0334
-0.0288
-0.0237
-0.0182
-0.0123
-0.0062
-0.0000
0.0063
0.0124
0.0184
0.0241
0.0294
0.0342
0.0385
0.0422
0.0452
0.0476
0.0491
0.0499
0.0499
0.0491
0.0476
0.0452
0.0422
0.0385
0.0342
0.0294
0.0241
0.0184
0.0124
0.0063
0.0000
-0.0063
-0.0124
-0.0184
-0.0241
-0.0294
-0.0342
-0.0385
-0.0422
-0.0452
-0.0476
-0.0491
-0.0499
-0.0499
-0.0491
-0.0476
-0.0452
-0.0422
-0.0385
-0.0342
-0.0294
-0.0241
-0.0184
-0.0124
-0.0063
-0.0000
0.0063
0.0124
0.0184
0.0241
0.0294
0.0342
0.0385
0.0422
0.0452
0.0476
0.0491
0.0499
0.0499
0.0491
0.0476
0.0452
0.0422
0.0385
0.0342
0.0294
0.0241
0.0184
0.0124
0.0063
-0.0000
-0.0063
-0.0124
-0.0184
-0.0241
-0.0294
-0.0342
-0.0385
-0.0422
-0.0452
-0.0476
-0.0491
-0.0499
-0.0499
-0.0491
-0.0476
-0.0452
-0.0422
-0.0385
-0.0342
-0.0294
-0.0241
-0.0184
-0.0124
-0.0063
-0.0000
0.0063
0.0124
0.0184
0.0241
0.0294
0.0342
0.0385
0.0422
0.0452
0.0476
0.0491
0.0499
0.0499
0.0491
0.0476
0.0452
0.0422
0.0385
0.0342
0.0294
0.0241
0.0184
0.0124
0.0063
0.0000
-0.0063
-0.0124
-0.0184
-0.0241
-0.0294
-0.0342
-0.0385
-0.0422
-0.0452
-0.0476
-0.0491
-0.0499
-0.0499
-0.0491
-0.0476
-0.0452
-0.0422
-0.0385
-0.0342
-0.0294
-0.0241
-0.0184
-0.0124
-0.0063
-0.0000
0.0063
0.0124
0.0184
0.0241
0.0294
0.0342
0.0385
0.0422
0.0452
0.0476
0.0491
0.0499
0.0499
0.0491
0.0476
0.0452
0.0422
0.0385
0.0342
0.0294
0.0241
0.0184
0.0124
0.0063
-0.0000
-0.0063
-0.0124
-0.0184
-0.0241
-0.0294
-0.0342
-0.0385
-0.0422
-0.0452
-0.0476
-0.0491
-0.0499
-0.0499
-0.0491
-0.0476
-0.0452
-0.0422
-0.0385
-0.0342
-0.0294
-0.0241
-0.0184
-0.0124
-0.0063
-0.0000
0.0063
0.0124
0.0184
0.0241
0.0294
0.0342
0.0385
0.0422
0.0452
0.0476
0.0491
0.0499
0.0499
0.0491
0.0476
0.0452
0.0422
0.0385
0.0342
0.0294
0.0241
0.0184
0.0124
0.0063
0.0000
-0.0063
-0.0124
-0.0184
-0.0241
-0.0294
-0.0342
-0.0385
-0.0422
-0.0452
-0.0476
-0.0491
-0.0499
-0.0499
-0.0491
-0.0476
-0.0452
-0.0422
-0.0385
-0.0342
-0.0294
-0.0241
-0.0184
-0.0124
-0.0063
-0.0000
0.0063
0.0124
0.0184
0.0241
0.0294
0.0342
0.0385
0.0422
0.0452
0.0476
0.0491
0.0499
0.0499
0.0491
0.0476
0.0452
0.0422
0.0385
0.0342
0.0294
0.0241
0.0184
0.0124
0.0063
-0.0000
-0.0063
-0.0124
-0.0184
-0.0241
-0.0294
-0.0342
-0.0385
-0.0422
-0.0452
-0.0476
-0.0491
-0.0499
-0.0499
-0.0491
-0.0476
-0.0452
-0.0422
-0.0385
-0.0342
-0.0294
-0.0241
-0.0184
-0.0124
-0.0063
-0.0000
0.0063
0.0124
0.0184
0.0241
0.0294
0.0342
0.0385
0.0422
0.0452
0.0476
0.0491
0.0499
0.0499
0.0491
0.0476
0.0452
0.0422
0.0385
0.0342
0.0294
0.0241
0.0184
0.0124
0.0063
0.0000
-0.0063
-0.0124
-0.0184
-0.0241
-0.0294
-0.0342
-0.0385
-0.0422
-0.0452
-0.0476
-0.0491
-0.0499
-0.0499
-0.0491
-0.0476
-0.0452
-0.0422
-0.0385
-0.0342
-0.0294
-0.0241
-0.0184
-0.0124
-0.0063
-0.0000
0.0063
0.0124
0.0184
0.0241
0.0294
0.0342
0.0385
0.0422
0.0452
0.0476
0.0491
0.0499
0.0499
0.0491
0.0476
0.0452
0.0422
0.0385
0.0342
0.0294
0.0241
0.0184
0.0124
0.0063
-0.0000
-0.0063
-0.0124
-0.0184
-0.0241
-0.0294
-0.0342
-0.0385
-0.0422
-0.0452
-0.0476
-0.0491
-0.0499
-0.0499
-0.0491
-0.0476
-0.0452
-0.0422
-0.0385
-0.0342
-0.0294
-0.0241
-0.0184
-0.0124
-0.0063
0.0000
0.0063
0.0124
0.0184
0.0241
0.0294
0.0342
0.0385
0.0422
0.0452
0.0476
0.0491
0.0499
0.0499
0.0491
0.0476
0.0452
0.0422
0.0385
0.0342
0.0294
0.0241
0.0184
0.0124
0.0063
0.0000
-0.0063
-0.0124
-0.0184
-0.0241
-0.0294
-0.0342
-0.0385
-0.0422
-0.0452
-0.0476
-0.0491
-0.0499
-0.0499
-0.0491
-0.0476
-0.0452
-0.0422
-0.0385
-0.0342
-0.0294
-0.0241
-0.0184
-0.0124
-0.0063
-0.0000
0.0063
0.0124
0.0184
0.0241
0.0294
0.0342
0.0385
0.0422
0.0452
0.0476
0.0491
0.0499
0.0499
0.0491
0.0476
0.0452
0.0422
0.0385
0.0342
0.0294
0.0241
0.0184
0.0124
0.0063
-0.0000
-0.0063
-0.0124
-0.0184
-0.0241
-0.0294
-0.0342
-0.0385
-0.0422
-0.0452
-0.0476
-0.0491
-0.0499
-0.0499
-0.0491
-0.0476
-0.0452
-0.0422
-0.0385
-0.0342
-0.0294
-0.0241
-0.0184
-0.0124
-0.0063
-0.0000
0.0062
0.0123
0.0181
0.0236
0.0287
0.0333
0.0373
0.0407
0.0434
0.0455
0.0468
0.0473
0.0471
0.0462
0.0445
0.0422
0.0392
0.0356
0.0315
0.0269
0.0220
0.0167
0.0112
0.0056
0.0000
-0.0056
-0.0110
-0.0163
-0.0212
-0.0257
-0.0298
-0.0334
-0.0365
-0.0389
-0.0407
-0.0418
-0.0423
-0.0421
-0.0413
-0.0398
-0.0376
-0.0350
-0.0317
-0.0281
-0.0240
-0.0196
-0.0149
-0.0100
-0.0050
-0.0000
0.0050
0.0098
0.0144
0.0188
0.0228
0.0264
0.0296
0.0323
0.0344
0.0359
0.0369
0.0373
0.0371
0.0363
0.0350
0.0331
0.0307
0.0279
0.0246
0.0210
0.0172
0.0130
0.0088
0.0044
0.0000
-0.0043
-0.0086
-0.0126
-0.0164
-0.0199
-0.0230
-0.0257
-0.0280
-0.0299
-0.0312
-0.0320
-0.0323
-0.0321
-0.0314
-0.0302
-0.0286
-0.0265
-0.0240
-0.0212
-0.0181
-0.0147
-0.0112
-0.0075
-0.0038
0.0000
0.0037
0.0073
0.0107
0.0140
0.0169
0.0196
0.0219
0.0238
0.0253
0.0264
0.0271
0.0273
0.0271
0.0265
0.0255
0.0241
0.0223
0.0202
0.0178
0.0152
0.0123
0.0094
0.0063
0.0031
0.0000
-0.0031
-0.0061
-0.0089
-0.0116
-0.0140
-0.0162
-0.0180
-0.0196
-0.0208
-0.0217
-0.0222
-0.0224
-0.0222
-0.0216
-0.0207
-0.0195
-0.0181
-0.0163
-0.0144
-0.0122
-0.0099
-0.0075
-0.0050
-0.0025
-0.0000
0.0025
0.0048
0.0071
0.0092
0.0111
0.0127
0.0142
0.0154
0.0163
0.0169
0.0173
0.0174
0.0172
0.0167
0.0160
0.0150
0.0138
0.0125
0.0110
0.0093
0.0075
0.0057
0.0038
0.0019
0.0000
-0.0018
-0.0036
-0.0052
-0.0067
-0.0081
-0.0093
-0.0103
-0.0111
-0.0118
-0.0122
-0.0124
-0.0124
-0.0122
-0.0118
-0.0112
-0.0105
-0.0096
-0.0086
-0.0075
-0.0063
-0.0051
-0.0038
-0.0025
-0.0013
-0.0000
0.0012
0.0023
0.0034
0.0043
0.0052
0.0059
0.0065
0.0069
0.0072
0.0074
0.0075
0.0074
0.0072
0.0069
0.0065
0.0060
0.0054
0.0048
0.0041
0.0034
0.0027
0.0020
0.0013
0.0006
0.0000
-0.0006
-0.0011
-0.0015
-0.0019
-0.0022
-0.0025
-0.0026
-0.0027
-0.0027
-0.0027
-0.0026
-0.0024
-0.0022
-0.0020
-0.0017
-0.0014
-0.0012
-0.0009
-0.0007
-0.0005
-0.0003
-0.0001
-0.0000
-0.0000
